83
14
4
0
4
0
0
0
5
0
0
0
0
0
0
0
6
4
0
0
0
0
0
0
0
0
0
0
1
0
0
1
2
2
1
0
1
0
0
0
1
0
0
0
0
0
142
182
255
176
90
175
1249
611
411
875
91
42
35
10
45
31
167
458
3066
1876
3491
686
4040
1141
457
1367
865
606
894
146
674
239
524
469
374
392
786
306
546
524
521
339
0
337
298
120
310
438
343
565
562
286
393
705
1117
852
730
977
746
419
542
22
504
546
266
304
252
383
528
217
40
428
339
400
441
525
232
483
362
310
542
402
531
449
206
387
275
407
100
366
304
175
218
203
386
169
301
134
84
356
197
138
223
185
281
191
188
125
283
95
212
240
70
117
397
160
55
177
146
225
211
175
202
137
169
56
219
140
253
55
274
159
239
136
59
214
169
41
221
107
228
76
151
179
116
127
280
140
90
245
183
86
230
133
101
240
289
191
133
136
229
221
221
58
56
202
89
219
53
113
114
224
95
152
63
181
154
61
59
82
55
63
63
62
20
55
26
36
16
39
31
27
23
70
19
6
24
3
7
11
5
8
3
2
6
7
0
5
12
71
