77
0
0
0
2
0
0
0
0
0
0
0
0
0
0
0
4
0
0
0
3662
0
0
0
8
0
0
0
23
0
0
0
557
0
0
0
1766
0
0
0
2149
0
0
0
2466
0
0
0
3638
0
0
0
2389
0
0
0
3130
0
0
0
2974
0
0
0
3166
0
0
0
1623
0
0
0
1211
0
0
0
904
0
0
0
1009
0
0
0
797
0
0
0
883
0
0
0
860
0
0
0
914
0
0
0
787
0
0
0
977
0
0
0
893
0
0
0
951
0
0
0
812
0
0
0
714
0
0
0
634
0
0
0
656
0
0
0
638
0
0
0
666
0
0
0
628
0
0
0
580
0
0
0
563
0
0
0
628
0
0
0
644
0
0
0
779
0
0
0
831
0
0
0
847
0
0
0
984
0
0
0
1309
0
0
0
1520
0
0
0
1938
0
0
0
2810
0
0
0
2489
0
0
0
3133
0
0
0
1907
0
0
0
528
0
0
0
327
0
0
0
365
0
0
0
305
0
0
0
301
0
0
0
145
0
0
0
28
0
0
0
7
0
0
0
0
0
0
0
0
0
0
0
0
0
0
0
0
0
0
0
0
0
0
0
