0
0
0
0
0
0
0
0
0
0
0
1
0
1
3
10
4
8
12
25
30
32
46
59
51
75
63
68
77
85
89
86
87
83
101
88
112
90
128
122
132
121
163
175
175
220
252
289
348
386
441
551
536
597
705
690
670
666
717
785
862
902
1018
978
1025
1117
1030
1070
1068
1068
1075
1110
1111
1156
1086
1116
1163
1274
1268
1296
1260
1399
1448
1500
1618
1563
1657
1668
1731
1854
1790
1841
1915
1945
2056
2028
2091
2282
2394
2438
2523
2676
2680
2788
2830
2915
3099
2950
3244
3280
3346
3473
3663
3624
3817
4044
4100
4183
4289
4234
4419
4487
4533
4592
4488
4654
4688
4810
5046
4960
5002
5116
5289
5367
5437
5483
5418
5340
5414
5439
5413
5398
5540
5542
5499
5553
5599
5657
5663
5736
5646
5735
5788
5809
5855
5990
5925
6133
6094
6134
6096
6217
6373
6581
6752
7026
7167
7261
7358
7393
7301
7288
7299
7028
7033
6887
6814
6621
6445
6317
6039
6062
5911
5698
5660
5646
5577
5582
5403
5378
5087
5280
4988
4984
4870
4785
4685
4564
4500
4344
4195
4108
3957
3970
3965
3912
3859
3714
3912
3979
4010
4065
3868
3820
3648
3587
3462
3387
3451
3318
3314
3243
3196
2989
2844
2668
2927
2738
2750
2563
2573
2704
2703
2742
2933
3087
3397
3494
3382
3299
3729
3536
3589
2830
2416
2429
2357
2441
1605
1288
1237
1069
831
989
1355
2555
